34 14
1 1 1 1 1 1 1 1 1 1 1 1 1 1 1 1 1 1 1 1 1 1 1 1 1 1 1 1 1 1 1 1 1 1
1 1 1 1 1 1 1 1 1 1 1 1 1 1 1 1 1 1 1 1 1 1 1 1 1 1 1 1 1 1 1 1 1 1
1 1 1 1 1 1 1 1 1 1 1 1 1 1 1 1 1 1 1 8 8 8 1 1 1 1 1 1 1 1 1 1 1 1
1 1 1 1 1 1 1 1 1 1 1 1 1 1 1 1 1 1 8 8 8 8 8 1 1 1 1 1 1 1 1 1 1 1
1 1 1 1 1 1 1 1 1 1 1 1 1 1 1 1 1 1 8 8 8 8 8 1 1 1 1 1 1 1 1 1 1 1
1 1 1 1 1 1 1 1 1 1 1 1 1 1 1 1 1 1 1 1 7 1 1 1 1 1 1 1 1 1 1 1 1 1
5 11 6 1 1 1 1 1 15 1 1 1 1 1 1 5 11 11 11 11 12 1 1 1 1 1 1 1 1 1 1 1 1 1
1 1 1 1 1 1 1 15 15 1 1 1 1 1 1 1 1 1 1 1 13 11 6 1 1 1 1 1 1 1 1 1 1 1
1 1 1 1 1 1 1 15 15 15 1 1 1 1 1 1 1 1 1 1 7 1 1 1 1 1 1 1 1 1 1 1 1 1
5 11 6 1 1 1 15 15 16 15 1 1 1 1 1 1 1 1 1 1 7 1 1 1 7 4 7 7 4 7 1 1 1 1
1 1 1 1 1 1 15 16 16 15 1 1 1 1 1 1 1 1 1 17 0 0 0 18 9 7 10 1 7 1 1 1 1 1
1 1 1 1 1 15 15 16 16 15 15 1 1 1 1 1 1 17 0 0 2 2 1 16 16 7 16 16 7 0 0 0 0 0
0 0 0 15 15 15 16 16 16 16 15 15 15 0 0 0 0 0 2 2 2 2 2 16 15 7 15 15 7 2 2 2 2 2
2 2 2 16 16 16 16 16 16 16 16 16 16 2 2 2 2 2 2 2 2 2 2 2 16 7 16 16 7 2 2 2 2 2