34 14
1 1 1 1 1 1 1 1 1 1 1 1 1 1 1 1 1 1 1 1 1 1 1 1 1 1 1 1 1 1 1 1 1 1
1 1 1 1 1 1 1 1 1 1 1 1 1 1 1 1 1 1 1 1 1 1 1 1 1 1 1 1 1 1 1 1 1 1
1 1 1 1 1 1 1 1 1 1 1 1 1 1 1 1 1 1 1 8 8 8 1 1 1 1 1 1 1 1 1 1 1 1
1 1 1 1 1 1 1 1 1 1 1 1 1 1 1 1 1 1 8 8 8 8 8 1 1 1 1 1 1 1 1 1 1 1
1 1 1 1 1 1 1 1 1 1 1 1 1 1 1 1 1 1 8 8 8 8 8 1 1 1 1 1 1 1 1 1 1 1
1 1 1 1 1 1 1 1 1 1 1 1 1 1 1 1 1 1 1 1 7 1 1 1 1 1 1 1 1 1 1 1 1 1
1 1 1 0 1 1 1 1 1 1 1 1 1 1 1 5 11 11 11 11 12 1 1 1 1 1 1 1 1 1 1 1 1 1
1 1 1 2 1 1 1 1 1 1 1 1 1 1 1 1 1 1 1 1 13 11 6 1 1 1 1 1 1 1 1 1 1 1
1 1 1 2 1 1 1 1 1 1 1 1 1 1 1 1 1 1 1 1 7 1 1 1 1 1 1 1 1 1 1 1 1 1
1 1 0 2 1 1 1 1 1 1 1 1 1 1 1 1 1 1 1 1 7 1 1 1 1 1 1 1 1 1 1 1 1 1
1 1 2 2 1 1 1 1 1 1 1 1 1 1 1 1 1 0 1 17 0 0 0 18 9 10 9 10 9 1 1 1 1 1
1 0 2 2 1 1 1 1 1 1 1 1 1 1 1 1 16 2 0 0 0 0 0 0 12 12 12 12 12 0 0 0 0 0
0 2 2 2 15 15 15 15 15 15 15 15 15 15 15 15 16 2 2 0 0 0 0 0 13 13 13 13 13 0 0 0 0 0
2 2 2 2 16 16 16 16 16 16 16 16 16 16 16 16 2 2 2 2 2 2 2 2 16 16 16 16 16 2 2 2 2 2