34 14
1 1 1 1 1 1 1 1 1 1 1 1 1 1 1 1 1 1 1 1 1 1 1 1 1 1 1 1 1 1 1 1 1 1
1 1 1 1 1 1 1 1 1 1 1 1 1 1 1 1 1 1 1 1 1 1 1 1 1 1 1 1 1 1 1 1 1 1
1 1 1 1 1 1 1 1 1 1 1 1 1 1 1 1 1 1 1 8 8 8 1 1 1 1 1 1 1 1 1 1 1 1
1 1 1 1 1 1 1 1 1 1 1 1 1 1 1 1 1 1 8 8 8 8 8 1 1 1 1 1 1 1 1 1 1 1
1 1 1 1 1 1 1 1 1 1 1 1 1 1 1 1 1 1 8 8 8 8 8 1 1 1 1 1 1 1 1 1 1 1
1 1 1 1 1 1 1 1 1 1 1 1 1 1 1 1 1 1 1 1 7 1 1 1 1 1 1 1 1 1 1 1 1 1
1 1 1 1 1 1 1 1 1 1 1 1 1 1 1 1 1 1 1 1 12 1 1 1 1 1 1 1 1 1 1 1 1 1
1 1 1 1 1 1 1 1 1 1 7 1 1 1 1 1 1 1 1 1 13 11 6 1 1 1 1 1 1 1 1 1 1 1
1 1 1 1 1 1 1 1 1 1 7 15 1 1 12 1 1 1 1 1 7 1 1 1 1 8 8 1 1 1 1 1 1 1
1 1 1 7 1 1 1 1 1 15 7 15 1 1 13 1 1 1 1 1 7 1 1 1 8 8 8 8 1 1 1 1 1 1
1 1 1 7 15 1 1 1 15 15 7 15 1 1 12 1 1 1 1 17 0 0 0 0 8 8 8 8 0 18 1 1 1 1
1 1 1 7 15 15 1 15 15 15 7 15 15 1 13 1 1 17 0 0 0 0 0 0 0 0 0 0 0 0 0 0 0 0
0 0 0 7 15 15 15 15 15 15 7 15 15 15 0 0 0 0 2 2 2 2 2 2 2 2 2 2 2 2 2 2 2 2
2 2 2 16 16 16 16 16 16 16 16 16 16 16 2 2 2 2 2 2 2 2 2 2 2 2 2 2 2 2 2 2 2 2